#pragma once

// No, silly, these were never intended to be readable in the first place. Besides, I kind of can't do that with my board representation.

// Citation: https://www.chessprogramming.org/PeSTO%27s_Evaluation_Function
// However the numbers are transposed slightly because the order of bits in Amethyst is different from the engine that the PeSTO tables are taken from.

//int mg_value[6] = { 82, 337, 365, 477, 1025,  0};
//int eg_value[6] = { 94, 281, 297, 512,  936,  0};
constexpr const static float MATE_VALUE = 1048576;

constexpr const static int mg_pawn_value = 82;
constexpr const static int mg_knight_value = 337;
constexpr const static int mg_bishop_value = 365;
constexpr const static int mg_rook_value = 477;
constexpr const static int mg_queen_value = 1025;

constexpr const static int eg_pawn_value = 94;
constexpr const static int eg_knight_value = 281;
constexpr const static int eg_bishop_value = 297;
constexpr const static int eg_rook_value = 512;
constexpr const static int eg_queen_value = 936;

constexpr const static float mg_total_piece_value = 2 * mg_knight_value + 2 * mg_bishop_value + 2 * mg_rook_value + 1 * mg_queen_value;
constexpr const static float eg_total_piece_value = 2 * eg_knight_value + 2 * eg_bishop_value + 2 * eg_rook_value + 1 * eg_queen_value;
constexpr const static float mgeg_total_piece_value = mg_total_piece_value + eg_total_piece_value;

constexpr const static int white_mg_pawn_table[64] = {0, -35, -26, -27, -14, -6, 98, 0, 0, -1, -4, -2, 13, 7, 134, 0, 0, -20, -4, -5, 6, 26, 61, 0, 0, -23, -10, 12, 21, 31, 95, 0, 0, -15, 3, 17, 23, 65, 68, 0, 0, 24, 3, 6, 12, 56, 126, 0, 0, 38, 33, 10, 17, 25, 34, 0, 0, -22, -12, -25, -23, -20, -11, 0};
constexpr const static int white_eg_pawn_table[64] = {0, 13, 4, 13, 32, 94, 178, 0, 0, 8, 7, 9, 24, 100, 173, 0, 0, 8, -6, -3, 13, 85, 158, 0, 0, 10, 1, -7, 5, 67, 134, 0, 0, 13, 0, -7, -2, 56, 147, 0, 0, 0, -5, -8, 4, 53, 132, 0, 0, 2, -1, 3, 17, 82, 165, 0, 0, -7, -8, -1, 17, 84, 187, 0};

constexpr const static int white_mg_knight_table[64] = {-105, -29, -23, -13, -9, -47, -73, -167, -21, -53, -9, 4, 17, 60, -41, -89, -58, -12, 12, 16, 19, 37, 72, -34, -33, -3, 10, 13, 53, 65, 36, -49, -17, -1, 19, 28, 37, 84, 23, 61, -28, 18, 17, 19, 69, 129, 62, -97, -19, -14, 25, 21, 18, 73, 7, -15, -23, -19, -16, -8, 22, 44, -17, -107};
constexpr const static int white_eg_knight_table[64] = {-29, -42, -23, -18, -17, -24, -25, -58, -51, -20, -3, -6, 3, -20, -8, -38, -23, -10, -1, 16, 22, 10, -25, -13, -15, -5, 15, 25, 22, 9, -2, -28, -22, -2, 10, 16, 22, -1, -9, -31, -18, -20, -3, 17, 11, -9, -25, -27, -50, -23, -20, 4, 8, -19, -24, -63, -64, -44, -22, -18, -18, -41, -52, -99};

constexpr const static int white_mg_bishop_table[64] = {-33, 4, 0, -6, -4, -16, -26, -29, -3, 15, 15, 13, 5, 37, 16, 4, -14, 16, 15, 13, 19, 43, -18, -82, -21, 0, 15, 26, 50, 40, -13, -37, -13, 7, 14, 34, 37, 35, 30, -25, -12, 21, 27, 12, 37, 50, 59, -42, -39, 33, 18, 10, 7, 37, 18, 7, -21, 1, 10, 4, -2, -2, -47, -8};
constexpr const static int white_eg_bishop_table[64] = {-23, -14, -12, -6, -3, 2, -8, -14, -9, -18, -3, 3, 9, -8, -4, -21, -23, -7, 8, 13, 12, 0, 7, -11, -5, -1, 10, 19, 9, -1, -12, -8, -9, 4, 13, 7, 14, -2, -3, -7, -16, -9, 3, 10, 10, 6, -13, -9, -5, -15, -7, -3, 3, 0, -4, -17, -17, -27, -15, -9, 2, 4, -14, -24};

constexpr const static int white_mg_rook_table[64] = {-19, -44, -45, -36, -24, -5, 27, 32, -13, -16, -25, -26, -11, 19, 32, 42, 1, -20, -16, -12, 7, 26, 58, 32, 17, -9, -17, -1, 26, 36, 62, 51, 16, -1, 3, 9, 24, 17, 80, 63, 7, 11, 0, -7, 35, 45, 67, 9, -37, -6, -5, 6, -8, 61, 26, 31, -26, -71, -33, -23, -20, 16, 44, 43};
constexpr const static int white_eg_rook_table[64] = {-9, -6, -4, 3, 4, 7, 11, 13, 2, -6, 0, 5, 3, 7, 13, 10, 3, 0, -5, 8, 13, 7, 13, 18, -1, 2, -1, 4, 1, 5, 11, 15, -5, -9, -7, -5, 2, 4, -3, 12, -13, -9, -12, -6, 1, -3, 3, 12, 4, -11, -8, -8, -1, -5, 8, 8, -20, -3, -16, -11, 2, -3, 3, 5};

constexpr const static int white_mg_queen_table[64] = {-1, -35, -14, -9, -27, -13, -24, -28, -18, -8, 2, -26, -27, -17, -39, 0, -9, 11, -11, -9, -16, 7, -5, 29, 10, 2, -2, -10, -16, 8, 1, 12, -15, 8, -5, -2, -1, 29, -16, 59, -25, 15, 2, -4, 17, 56, 57, 44, -31, -3, 14, 3, -2, 47, 28, 43, -50, 1, 5, -3, 1, 57, 54, 45};
constexpr const static int white_eg_queen_table[64] = {-33, -22, -16, -18, 3, -20, -17, -9, -28, -23, -27, 28, 22, 6, 20, 22, -22, -30, 15, 19, 24, 9, 32, 22, -43, -16, 6, 47, 45, 49, 41, 27, -5, -16, 9, 31, 57, 47, 58, 27, -32, -23, 17, 34, 40, 35, 25, 19, -20, -36, 10, 39, 57, 19, 30, 10, -41, -32, 5, 23, 36, 9, 0, 20};

constexpr const static int white_mg_king_table[64] = {-15, 1, -14, -49, -17, -9, 29, -65, 36, 7, -14, -1, -20, 24, -1, 23, 12, -8, -22, -27, -12, 2, -20, 16, -54, -64, -46, -39, -27, -16, -7, -15, 8, -43, -44, -46, -30, -20, -8, -56, -28, -16, -30, -44, -25, 6, -4, -34, 24, 9, -15, -33, -14, 22, -38, 2, 14, 8, -27, -51, -36, -22, -29, 13};
constexpr const static int white_eg_king_table[64] = {-53, -27, -19, -18, -8, 10, -12, -74, -34, -11, -3, -4, 22, 17, 17, -35, -21, 4, 11, 21, 24, 23, 14, -18, -11, 13, 21, 24, 27, 15, 17, -18, -28, 14, 23, 27, 26, 20, 17, -11, -14, 4, 16, 23, 33, 45, 38, 15, -24, -5, 7, 9, 26, 44, 23, 4, -43, -17, -9, -11, 3, 13, 11, -17};

constexpr const static int black_mg_pawn_table[64] = {0, 98, -6, -14, -27, -26, -35, 0, 0, 134, 7, 13, -2, -4, -1, 0, 0, 61, 26, 6, -5, -4, -20, 0, 0, 95, 31, 21, 12, -10, -23, 0, 0, 68, 65, 23, 17, 3, -15, 0, 0, 126, 56, 12, 6, 3, 24, 0, 0, 34, 25, 17, 10, 33, 38, 0, 0, -11, -20, -23, -25, -12, -22, 0};
constexpr const static int black_eg_pawn_table[64] = {0, 178, 94, 32, 13, 4, 13, 0, 0, 173, 100, 24, 9, 7, 8, 0, 0, 158, 85, 13, -3, -6, 8, 0, 0, 134, 67, 5, -7, 1, 10, 0, 0, 147, 56, -2, -7, 0, 13, 0, 0, 132, 53, 4, -8, -5, 0, 0, 0, 165, 82, 17, 3, -1, 2, 0, 0, 187, 84, 17, -1, -8, -7, 0};

constexpr const static int black_mg_knight_table[64] = {-167, -73, -47, -9, -13, -23, -29, -105, -89, -41, 60, 17, 4, -9, -53, -21, -34, 72, 37, 19, 16, 12, -12, -58, -49, 36, 65, 53, 13, 10, -3, -33, 61, 23, 84, 37, 28, 19, -1, -17, -97, 62, 129, 69, 19, 17, 18, -28, -15, 7, 73, 18, 21, 25, -14, -19, -107, -17, 44, 22, -8, -16, -19, -23};
constexpr const static int black_eg_knight_table[64] = {-58, -25, -24, -17, -18, -23, -42, -29, -38, -8, -20, 3, -6, -3, -20, -51, -13, -25, 10, 22, 16, -1, -10, -23, -28, -2, 9, 22, 25, 15, -5, -15, -31, -9, -1, 22, 16, 10, -2, -22, -27, -25, -9, 11, 17, -3, -20, -18, -63, -24, -19, 8, 4, -20, -23, -50, -99, -52, -41, -18, -18, -22, -44, -64};

constexpr const static int black_mg_bishop_table[64] = {-29, -26, -16, -4, -6, 0, 4, -33, 4, 16, 37, 5, 13, 15, 15, -3, -82, -18, 43, 19, 13, 15, 16, -14, -37, -13, 40, 50, 26, 15, 0, -21, -25, 30, 35, 37, 34, 14, 7, -13, -42, 59, 50, 37, 12, 27, 21, -12, 7, 18, 37, 7, 10, 18, 33, -39, -8, -47, -2, -2, 4, 10, 1, -21};
constexpr const static int black_eg_bishop_table[64] = {-14, -8, 2, -3, -6, -12, -14, -23, -21, -4, -8, 9, 3, -3, -18, -9, -11, 7, 0, 12, 13, 8, -7, -23, -8, -12, -1, 9, 19, 10, -1, -5, -7, -3, -2, 14, 7, 13, 4, -9, -9, -13, 6, 10, 10, 3, -9, -16, -17, -4, 0, 3, -3, -7, -15, -5, -24, -14, 4, 2, -9, -15, -27, -17};

constexpr const static int black_mg_rook_table[64] = {32, 27, -5, -24, -36, -45, -44, -19, 42, 32, 19, -11, -26, -25, -16, -13, 32, 58, 26, 7, -12, -16, -20, 1, 51, 62, 36, 26, -1, -17, -9, 17, 63, 80, 17, 24, 9, 3, -1, 16, 9, 67, 45, 35, -7, 0, 11, 7, 31, 26, 61, -8, 6, -5, -6, -37, 43, 44, 16, -20, -23, -33, -71, -26};
constexpr const static int black_eg_rook_table[64] = {13, 11, 7, 4, 3, -4, -6, -9, 10, 13, 7, 3, 5, 0, -6, 2, 18, 13, 7, 13, 8, -5, 0, 3, 15, 11, 5, 1, 4, -1, 2, -1, 12, -3, 4, 2, -5, -7, -9, -5, 12, 3, -3, 1, -6, -12, -9, -13, 8, 8, -5, -1, -8, -8, -11, 4, 5, 3, -3, 2, -11, -16, -3, -20};

constexpr const static int black_mg_queen_table[64] = {-28, -24, -13, -27, -9, -14, -35, -1, 0, -39, -17, -27, -26, 2, -8, -18, 29, -5, 7, -16, -9, -11, 11, -9, 12, 1, 8, -16, -10, -2, 2, 10, 59, -16, 29, -1, -2, -5, 8, -15, 44, 57, 56, 17, -4, 2, 15, -25, 43, 28, 47, -2, 3, 14, -3, -31, 45, 54, 57, 1, -3, 5, 1, -50};
constexpr const static int black_eg_queen_table[64] = {-9, -17, -20, 3, -18, -16, -22, -33, 22, 20, 6, 22, 28, -27, -23, -28, 22, 32, 9, 24, 19, 15, -30, -22, 27, 41, 49, 45, 47, 6, -16, -43, 27, 58, 47, 57, 31, 9, -16, -5, 19, 25, 35, 40, 34, 17, -23, -32, 10, 30, 19, 57, 39, 10, -36, -20, 20, 0, 9, 36, 23, 5, -32, -41};

constexpr const static int black_mg_king_table[64] = {-65, 29, -9, -17, -49, -14, 1, -15, 23, -1, 24, -20, -1, -14, 7, 36, 16, -20, 2, -12, -27, -22, -8, 12, -15, -7, -16, -27, -39, -46, -64, -54, -56, -8, -20, -30, -46, -44, -43, 8, -34, -4, 6, -25, -44, -30, -16, -28, 2, -38, 22, -14, -33, -15, 9, 24, 13, -29, -22, -36, -51, -27, 8, 14};
constexpr const static int black_eg_king_table[64] = {-74, -12, 10, -8, -18, -19, -27, -53, -35, 17, 17, 22, -4, -3, -11, -34, -18, 14, 23, 24, 21, 11, 4, -21, -18, 17, 15, 27, 24, 21, 13, -11, -11, 17, 20, 26, 27, 23, 14, -28, 15, 38, 45, 33, 23, 16, 4, -14, 4, 23, 44, 26, 9, 7, -5, -24, -17, 11, 13, 3, -11, -9, -17, -43};



constexpr const static int mg_material_values[5] = {mg_queen_value,mg_rook_value,mg_bishop_value,mg_knight_value,mg_pawn_value};
constexpr const static int eg_material_values[5] = {eg_queen_value,eg_rook_value,eg_bishop_value,eg_knight_value,eg_pawn_value};

constexpr const static int white_mg_placement_table[5][64] = {

        {-1, -35, -14, -9, -27, -13, -24, -28, -18, -8, 2, -26, -27, -17, -39, 0, -9, 11, -11, -9, -16, 7, -5, 29, 10, 2, -2, -10, -16, 8, 1, 12, -15, 8, -5, -2, -1, 29, -16, 59, -25, 15, 2, -4, 17, 56, 57, 44, -31, -3, 14, 3, -2, 47, 28, 43, -50, 1, 5, -3, 1, 57, 54, 45},
        {-19, -44, -45, -36, -24, -5, 27, 32, -13, -16, -25, -26, -11, 19, 32, 42, 1, -20, -16, -12, 7, 26, 58, 32, 17, -9, -17, -1, 26, 36, 62, 51, 16, -1, 3, 9, 24, 17, 80, 63, 7, 11, 0, -7, 35, 45, 67, 9, -37, -6, -5, 6, -8, 61, 26, 31, -26, -71, -33, -23, -20, 16, 44, 43},
        {-33, 4, 0, -6, -4, -16, -26, -29, -3, 15, 15, 13, 5, 37, 16, 4, -14, 16, 15, 13, 19, 43, -18, -82, -21, 0, 15, 26, 50, 40, -13, -37, -13, 7, 14, 34, 37, 35, 30, -25, -12, 21, 27, 12, 37, 50, 59, -42, -39, 33, 18, 10, 7, 37, 18, 7, -21, 1, 10, 4, -2, -2, -47, -8},
        {-105, -29, -23, -13, -9, -47, -73, -167, -21, -53, -9, 4, 17, 60, -41, -89, -58, -12, 12, 16, 19, 37, 72, -34, -33, -3, 10, 13, 53, 65, 36, -49, -17, -1, 19, 28, 37, 84, 23, 61, -28, 18, 17, 19, 69, 129, 62, -97, -19, -14, 25, 21, 18, 73, 7, -15, -23, -19, -16, -8, 22, 44, -17, -107},
        {0, -35, -26, -27, -14, -6, 98, 0, 0, -1, -4, -2, 13, 7, 134, 0, 0, -20, -4, -5, 6, 26, 61, 0, 0, -23, -10, 12, 21, 31, 95, 0, 0, -15, 3, 17, 23, 65, 68, 0, 0, 24, 3, 6, 12, 56, 126, 0, 0, 38, 33, 10, 17, 25, 34, 0, 0, -22, -12, -25, -23, -20, -11, 0}

};

constexpr const static int white_eg_placement_table[5][64] = {
        {-33, -22, -16, -18, 3, -20, -17, -9, -28, -23, -27, 28, 22, 6, 20, 22, -22, -30, 15, 19, 24, 9, 32, 22, -43, -16, 6, 47, 45, 49, 41, 27, -5, -16, 9, 31, 57, 47, 58, 27, -32, -23, 17, 34, 40, 35, 25, 19, -20, -36, 10, 39, 57, 19, 30, 10, -41, -32, 5, 23, 36, 9, 0, 20},
        {-9, -6, -4, 3, 4, 7, 11, 13, 2, -6, 0, 5, 3, 7, 13, 10, 3, 0, -5, 8, 13, 7, 13, 18, -1, 2, -1, 4, 1, 5, 11, 15, -5, -9, -7, -5, 2, 4, -3, 12, -13, -9, -12, -6, 1, -3, 3, 12, 4, -11, -8, -8, -1, -5, 8, 8, -20, -3, -16, -11, 2, -3, 3, 5},
        {-23, -14, -12, -6, -3, 2, -8, -14, -9, -18, -3, 3, 9, -8, -4, -21, -23, -7, 8, 13, 12, 0, 7, -11, -5, -1, 10, 19, 9, -1, -12, -8, -9, 4, 13, 7, 14, -2, -3, -7, -16, -9, 3, 10, 10, 6, -13, -9, -5, -15, -7, -3, 3, 0, -4, -17, -17, -27, -15, -9, 2, 4, -14, -24},
        {-29, -42, -23, -18, -17, -24, -25, -58, -51, -20, -3, -6, 3, -20, -8, -38, -23, -10, -1, 16, 22, 10, -25, -13, -15, -5, 15, 25, 22, 9, -2, -28, -22, -2, 10, 16, 22, -1, -9, -31, -18, -20, -3, 17, 11, -9, -25, -27, -50, -23, -20, 4, 8, -19, -24, -63, -64, -44, -22, -18, -18, -41, -52, -99},
        {0, 13, 4, 13, 32, 94, 178, 0, 0, 8, 7, 9, 24, 100, 173, 0, 0, 8, -6, -3, 13, 85, 158, 0, 0, 10, 1, -7, 5, 67, 134, 0, 0, 13, 0, -7, -2, 56, 147, 0, 0, 0, -5, -8, 4, 53, 132, 0, 0, 2, -1, 3, 17, 82, 165, 0, 0, -7, -8, -1, 17, 84, 187, 0}
};

constexpr const static int black_mg_placement_table[5][64] = {
        {-28, -24, -13, -27, -9, -14, -35, -1, 0, -39, -17, -27, -26, 2, -8, -18, 29, -5, 7, -16, -9, -11, 11, -9, 12, 1, 8, -16, -10, -2, 2, 10, 59, -16, 29, -1, -2, -5, 8, -15, 44, 57, 56, 17, -4, 2, 15, -25, 43, 28, 47, -2, 3, 14, -3, -31, 45, 54, 57, 1, -3, 5, 1, -50},
        {32, 27, -5, -24, -36, -45, -44, -19, 42, 32, 19, -11, -26, -25, -16, -13, 32, 58, 26, 7, -12, -16, -20, 1, 51, 62, 36, 26, -1, -17, -9, 17, 63, 80, 17, 24, 9, 3, -1, 16, 9, 67, 45, 35, -7, 0, 11, 7, 31, 26, 61, -8, 6, -5, -6, -37, 43, 44, 16, -20, -23, -33, -71, -26},
        {-29, -26, -16, -4, -6, 0, 4, -33, 4, 16, 37, 5, 13, 15, 15, -3, -82, -18, 43, 19, 13, 15, 16, -14, -37, -13, 40, 50, 26, 15, 0, -21, -25, 30, 35, 37, 34, 14, 7, -13, -42, 59, 50, 37, 12, 27, 21, -12, 7, 18, 37, 7, 10, 18, 33, -39, -8, -47, -2, -2, 4, 10, 1, -21},
        {-167, -73, -47, -9, -13, -23, -29, -105, -89, -41, 60, 17, 4, -9, -53, -21, -34, 72, 37, 19, 16, 12, -12, -58, -49, 36, 65, 53, 13, 10, -3, -33, 61, 23, 84, 37, 28, 19, -1, -17, -97, 62, 129, 69, 19, 17, 18, -28, -15, 7, 73, 18, 21, 25, -14, -19, -107, -17, 44, 22, -8, -16, -19, -23},
        {0, 98, -6, -14, -27, -26, -35, 0, 0, 134, 7, 13, -2, -4, -1, 0, 0, 61, 26, 6, -5, -4, -20, 0, 0, 95, 31, 21, 12, -10, -23, 0, 0, 68, 65, 23, 17, 3, -15, 0, 0, 126, 56, 12, 6, 3, 24, 0, 0, 34, 25, 17, 10, 33, 38, 0, 0, -11, -20, -23, -25, -12, -22, 0}
};

constexpr const static int black_eg_placement_table[5][64] = {
        {-9, -17, -20, 3, -18, -16, -22, -33, 22, 20, 6, 22, 28, -27, -23, -28, 22, 32, 9, 24, 19, 15, -30, -22, 27, 41, 49, 45, 47, 6, -16, -43, 27, 58, 47, 57, 31, 9, -16, -5, 19, 25, 35, 40, 34, 17, -23, -32, 10, 30, 19, 57, 39, 10, -36, -20, 20, 0, 9, 36, 23, 5, -32, -41},
        {13, 11, 7, 4, 3, -4, -6, -9, 10, 13, 7, 3, 5, 0, -6, 2, 18, 13, 7, 13, 8, -5, 0, 3, 15, 11, 5, 1, 4, -1, 2, -1, 12, -3, 4, 2, -5, -7, -9, -5, 12, 3, -3, 1, -6, -12, -9, -13, 8, 8, -5, -1, -8, -8, -11, 4, 5, 3, -3, 2, -11, -16, -3, -20},
        {-14, -8, 2, -3, -6, -12, -14, -23, -21, -4, -8, 9, 3, -3, -18, -9, -11, 7, 0, 12, 13, 8, -7, -23, -8, -12, -1, 9, 19, 10, -1, -5, -7, -3, -2, 14, 7, 13, 4, -9, -9, -13, 6, 10, 10, 3, -9, -16, -17, -4, 0, 3, -3, -7, -15, -5, -24, -14, 4, 2, -9, -15, -27, -17},
        {-58, -25, -24, -17, -18, -23, -42, -29, -38, -8, -20, 3, -6, -3, -20, -51, -13, -25, 10, 22, 16, -1, -10, -23, -28, -2, 9, 22, 25, 15, -5, -15, -31, -9, -1, 22, 16, 10, -2, -22, -27, -25, -9, 11, 17, -3, -20, -18, -63, -24, -19, 8, 4, -20, -23, -50, -99, -52, -41, -18, -18, -22, -44, -64},
        {0, 178, 94, 32, 13, 4, 13, 0, 0, 173, 100, 24, 9, 7, 8, 0, 0, 158, 85, 13, -3, -6, 8, 0, 0, 134, 67, 5, -7, 1, 10, 0, 0, 147, 56, -2, -7, 0, 13, 0, 0, 132, 53, 4, -8, -5, 0, 0, 0, 165, 82, 17, 3, -1, 2, 0, 0, 187, 84, 17, -1, -8, -7, 0}
};